41.68% performance increase when using LoadDataThreaded() with 4 threads
(50, 41, 41)
the test data

[[[ 9.80036041e+01  9.80090131e+01  9.80059882e+01 ...  8.48682763e+01
    9.38703726e+01  9.73646043e+01]
  [ 9.80043135e+01  9.79322970e+01  9.79282698e+01 ...  7.78703925e+01
    8.66580820e+01  9.52075502e+01]
  [ 9.79252680e+01  9.73041477e+01  9.64738685e+01 ...  7.31118546e+01
    8.17439612e+01  9.68836690e+01]
  ...
  [ 9.02084985e+01  8.58513761e+01  8.25719357e+01 ...  9.80058703e+01
    9.80161353e+01  9.79433372e+01]
  [ 8.88158897e+01  9.28996720e+01  8.94751656e+01 ...  9.79977341e+01
    9.80062543e+01  9.65816394e+01]
  [ 8.85505588e+01  9.80675754e+01  9.80571709e+01 ...  9.78512436e+01
    9.66158568e+01  9.51736039e+01]]

 [[ 9.60036006e+01  9.60090061e+01  9.60059718e+01 ...  8.28682800e+01
    9.18703694e+01  9.53646049e+01]
  [ 9.60042884e+01  9.59323083e+01  9.59282829e+01 ...  7.58703971e+01
    8.46580857e+01  9.32075490e+01]
  [ 9.59252835e+01  9.53041826e+01  9.44739015e+01 ...  7.11118622e+01
    7.97439656e+01  9.48836685e+01]
  ...
  [ 8.82085036e+01  8.38513832e+01  8.05719419e+01 ...  9.60058684e+01
    9.60161275e+01  9.59433336e+01]
  [ 8.68158949e+01  9.08996736e+01  8.74751704e+01 ...  9.59977367e+01
    9.60062518e+01  9.45816444e+01]
  [ 8.65505657e+01  9.60675444e+01  9.60571392e+01 ...  9.58512461e+01
    9.46158615e+01  9.31736086e+01]]

 [[ 9.40035935e+01  9.40089922e+01  9.40059392e+01 ...  8.08682873e+01
    8.98703632e+01  9.33646062e+01]
  [ 9.40042382e+01  9.39323310e+01  9.39283092e+01 ...  7.38704062e+01
    8.26580933e+01  9.12075468e+01]
  [ 9.39253144e+01  9.33042525e+01  9.24739675e+01 ...  6.91118773e+01
    7.77439743e+01  9.28836675e+01]
  ...
  [ 8.62085139e+01  8.18513975e+01  7.85719543e+01 ...  9.40058645e+01
    9.40161118e+01  9.39433264e+01]
  [ 8.48159052e+01  8.88996768e+01  8.54751798e+01 ...  9.39977418e+01
    9.40062468e+01  9.25816544e+01]
  [ 8.45505794e+01  9.40674822e+01  9.40570759e+01 ...  9.38512512e+01
    9.26158710e+01  9.11736180e+01]]

 ...

 [[ 3.99970831e+00  4.00133101e+00  3.98786518e+00 ... -2.05373375e+00
   -1.33088742e-01  3.36533531e+00]
  [ 3.97808498e+00  3.94605448e+00  3.94398421e+00 ... -2.09553036e+00
   -1.96029885e+00  1.20624876e+00]
  [ 3.94365909e+00  3.34437118e+00  2.51303414e+00 ... -2.09569105e+00
   -1.91178410e+00  2.88320764e+00]
  ...
  [-1.52333670e+00 -1.58390172e+00 -1.58820973e+00 ...  4.00366592e+00
    4.00726278e+00  3.93961955e+00]
  [-1.56951780e+00 -9.25340340e-01 -1.49858329e+00 ...  4.00059203e+00
    4.00339041e+00  2.58727422e+00]
  [-1.51452051e+00  4.03247988e+00  4.02151933e+00 ...  3.85418480e+00
    2.62114656e+00  1.17892155e+00]]

 [[ 1.99954610e+00  2.00100604e+00  1.98712866e+00 ... -2.08765599e+00
   -1.53613111e+00  1.36537211e+00]
  [ 1.97706323e+00  1.94667893e+00  1.94468970e+00 ... -2.09589843e+00
   -2.06903341e+00 -7.93841957e-01]
  [ 1.94448012e+00  1.34610215e+00  5.14765400e-01 ... -2.09593365e+00
   -2.00783038e+00  8.83221040e-01]
  ...
  [-1.57837584e+00 -1.58776438e+00 -1.58841778e+00 ...  2.00357197e+00
    2.00688363e+00  1.93947546e+00]
  [-1.58554000e+00 -1.45859365e+00 -1.55472779e+00 ...  2.00071382e+00
    2.00326698e+00  5.87513455e-01]
  [-1.55716785e+00  2.03102992e+00  2.02009170e+00 ...  1.85431360e+00
    6.21370629e-01 -7.38157075e-01]]

 [[-3.82389447e-03  2.61517851e-05 -1.50968976e-02 ... -7.55458777e-01
   -7.41824932e-01 -5.37884557e-01]
  [-2.60233047e-02 -5.13301510e-02 -5.30612561e-02 ... -1.18862070e+00
   -1.18670910e+00 -1.07720307e+00]
  [-5.29062565e-02 -6.31544836e-01 -1.26810680e+00 ... -1.18845263e+00
   -1.18200690e+00 -9.05144650e-01]
  ...
  [-2.00292002e+00 -2.00492408e+00 -2.00510887e+00 ...  2.27960207e-03
    1.60432912e-03 -6.25020310e-02]
  [-2.00394726e+00 -1.97808056e+00 -1.99761628e+00 ...  2.43632929e-03
    1.56086970e-03 -1.40008405e+00]
  [-1.99757234e+00  1.37005293e-03  5.53609270e-04 ... -1.43814617e-01
   -1.36709183e+00 -2.64750947e+00]]]
